tip	date	distance	residual
H-3	2023.4575342465753	0.0026165918575417296	-8.450213088094555E-4
H-104	2023.558904109589	0.008523966557541729	-5.52792902715038E-4
H-387	2023.5945205479452	0.010533596257541728	-5.160524411031587E-4
H-15	2023.504109589041	0.00597157005754173	-6.997518978618753E-5
H-56	2023.5397260273974	0.005704575057541729	-0.0023098594282027303
H-294	2023.5890410958905	0.010680091957541729	-6.603531981595745E-5
H-178	2023.5808219178082	0.00653696345754173	-0.0037538816878780502
H-299	2023.5972602739726	0.008937367457541728	-0.0022640419517538646
H-49	2023.5397260273974	0.01046676864245827	0.002452334156713811
H-176	2023.5780821917808	0.012560954142458272	0.0024218697076891973
H-126	2023.5753424657535	0.013476263942458272	0.003488940218325692
H-111	2023.5643835616438	0.011555554942458272	0.0021752740609143045
H-288	2023.5917808219178	0.014110170542458271	0.0032122825544498787
H-151	2023.572602739726	0.011015778542458271	0.0011802155289763975
H-445	2023.5972602739726	0.01365445344245827	0.002453044033162677
H-234	2023.5835616438355	0.011827454342458271	0.001384848486401996
H-267	2023.5890410958905	0.011101260242458272	3.551329651005856E-4
H-60	2023.5479452054794	0.009914390142458271	0.0014446735247901164
H-52	2023.545205479452	0.01550656154245827	0.00718860563542661
H-245	2023.5808219178082	0.011281492942458272	9.906477970384915E-4
H-67	2023.545205479452	0.00954900804245827	0.0012310521354266107
H-61	2023.5397260273974	0.01282385344245827	0.00480941895671381
H-209	2023.5890410958905	0.01117662014245827	4.3049286510058425E-4
H-370	2023.5945205479452	0.01054021504245827	-5.094336561866173E-4
H-229	2023.5835616438355	0.013372057642458269	0.0029294517864019935
H-13	2023.5150684931507	0.00973196804245827	0.0030833799525417406
H-43	2023.5397260273974	0.00808379574245827	6.936125671381035E-5
H-168	2023.5780821917808	0.00990705054245827	-2.3203389231080465E-4
H-101	2023.5671232876712	0.00972556054245827	1.93518950277808E-4
H-423	2023.5917808219178	0.01301186154245827	0.0021139735544498783
H-208	2023.5780821917808	0.005989206642458271	-0.0041498777923108035
H-88	2023.5616438356165	0.00971555214245827	4.870319715650079E-4
H-354	2023.5917808219178	0.012663875742458268	0.001765987754449876
H-428	2023.5917808219178	0.01321904714245827	0.002321159154449878
H-472	2023.5972602739726	0.00962416674245827	-0.0015772426668373227
H-353	2023.5917808219178	0.00835319364245827	-0.0025446943455501216
H-385	2023.5972602739726	0.01091703604245827	-2.8437336683732363E-4
H-349	2023.5835616438355	0.01082073224245827	3.7812638640199493E-4
H-422	2023.5972602739726	0.011004734742458269	-1.9667466683732406E-4
H-263	2023.5835616438355	0.01691891774245827	0.006476311886401995
H-318	2023.5945205479452	0.01063202094245827	-4.1762775618661707E-4
H-259	2023.5835616438355	0.00925570084245827	-0.001186905013598005
H-310	2023.5917808219178	0.01035132304245827	-5.46564945550122E-4
H-252	2023.5835616438355	0.00990485474245827	-5.377511135980055E-4
H-65	2023.5479452054794	0.01108104394245827	0.002611327324790115
H-345	2023.5917808219178	0.01284982824245827	0.001951940254449877
H-412	2023.5972602739726	0.01145360234245827	2.521929331626774E-4
H-48	2023.5342465753424	0.005989652042458271	-0.0017212610219847768
H-136	2023.572602739726	0.0058081677424582714	-0.0040273952710236025
H-393	2023.5945205479452	0.00935516704245827	-0.0016944816561866166
H-59	2023.5424657534247	0.00899279184245827	8.265966460773155E-4
H-205	2023.5780821917808	0.00835245954245827	-0.001786624892310804
H-202	2023.5753424657535	0.00734817704245827	-0.002639146681674309
H-249	2023.5890410958905	0.00617406034245827	-0.004572066934899416
H-306	2023.5890410958905	0.00858757394245827	-0.002158553334899416
H-198	2023.5835616438355	0.00826675634245827	-0.002175849513598005
H-220	2023.5835616438355	0.011201803942458271	7.591980864019958E-4
H-108	2023.5616438356165	0.006898959842458271	-0.0023295603284349906
H-38	2023.5397260273974	0.007444452242458271	-5.699822432861882E-4
H-534	2023.5917808219178	0.00762688264245827	-0.003271005345550122
H-120	2023.5671232876712	0.006352678442458272	-0.0031793631497221905
H-319	2023.5917808219178	0.01190177164245827	0.0010038836544498785
H-133	2023.5671232876712	0.007624083142458271	-0.0019079584497221913
H-477	2023.5972602739726	0.01117359334245827	-2.7816066837322087E-5
H-72	2023.5561643835617	0.00808126074245827	-8.437380071477912E-4
H-80	2023.5561643835617	0.007624484342458271	-0.0013005144071477903
H-57	2023.545205479452	0.005897424042458271	-0.0024205318645733886
H-183	2023.572602739726	0.00889327054245827	-9.422924710236046E-4
H-248	2023.5835616438355	0.01026418464245827	-1.784212135980054E-4
H-181	2023.5780821917808	0.00962332844245827	-5.157559923108044E-4
H-273	2023.5972602739726	0.00945620474245827	-0.0017452046668373234
H-303	2023.5917808219178	0.00925441664245827	-0.001643471345550122
H-112	2023.5671232876712	0.0068027998424582715	-0.002729241749722191
H-158	2023.572602739726	0.00898306234245827	-8.525006710236038E-4
H-173	2023.5835616438355	0.00807049974245827	-0.002372106113598005
H-193	2023.5808219178082	0.008614884942458271	-0.0016759602029615094
H-293	2023.5945205479452	0.01007136604245827	-9.782826561866177E-4
H-4	2023.4575342465753	0.0029805612575417298	-4.8105190880945534E-4
H-9	2023.482191780822	0.0028091644575417296	-0.0020182951046231745
H-14	2023.5013698630137	0.00419242875754173	-0.001697355779149693
H-271	2023.5945205479452	0.012255083357541727	0.0012054346588968399
H-309	2023.5917808219178	0.00678650795754173	-0.004111380030466663
H-128	2023.5671232876712	0.010743272157541728	0.0012112305653612654
H-164	2023.572602739726	0.007355797257541731	-0.002479765755940143
H-190	2023.5780821917808	0.012702712557541728	0.0025636281227726532
H-213	2023.5835616438355	0.010790005357541727	3.473995014854521E-4
H-235	2023.5917808219178	0.011269558657541727	3.716706695333343E-4
H-130	2023.5753424657535	0.006601331057541729	-0.0033859926665908502
H-203	2023.5808219178082	0.00678310345754173	-0.0035077416878780505
H-106	2023.5643835616438	0.011537351757541727	0.0021570708759977592
H-379	2023.5917808219178	0.010214767957541728	-6.831200304666645E-4
H-287	2023.5945205479452	0.012911027057541729	0.0018613783588968414
H-342	2023.5917808219178	0.011270695557541727	3.7280756953333473E-4
H-47	2023.5342465753424	0.00551718235754173	-0.0021937307069013175
H-98	2023.5671232876712	0.008424289157541728	-0.0011077524346387348
H-237	2023.5835616438355	0.00723933575754173	-0.003203270098514545
H-142	2023.5780821917808	0.013639483957541726	0.003500399522772651
H-236	2023.5917808219178	0.013737377957541727	0.0028394899695333344
H-269	2023.5945205479452	0.010424885357541727	-6.2476334110316E-4
H-156	2023.5780821917808	0.009500510557541728	-6.385738772273462E-4
H-270	2023.5917808219178	0.013793846057541727	0.0028959580695333345
H-360	2023.5917808219178	0.008956695557541727	-0.0019411924304666654
H-171	2023.5753424657535	0.009046316957541729	-9.41006766590851E-4
H-109	2023.5616438356165	0.009049148657541728	-1.7937151335153424E-4
H-327	2023.5917808219178	0.010503675957541729	-3.942120304666636E-4
H-159	2023.5753424657535	0.011342539757541728	0.001355216033409148
H-137	2023.5671232876712	0.008687510357541728	-8.445312346387346E-4
H-160	2023.5780821917808	0.00741570345754173	-0.0027233809772273443
H-195	2023.5780821917808	0.010505338957541728	3.662545227726532E-4
H-240	2023.5835616438355	0.016957048557541734	0.006514442701485459
H-434	2023.5972602739726	0.010420710157541728	-7.806992517538653E-4
H-253	2023.5780821917808	0.009503762957541727	-6.353214772273474E-4
H-279	2023.5890410958905	0.011142700257541726	3.965729801840394E-4
H-182	2023.5780821917808	0.008870810057541728	-0.0012682743772273464
H-210	2023.5780821917808	0.008777725557541728	-0.0013613588772273463
H-166	2023.5780821917808	0.011693807957541729	0.0015547235227726542
H-200	2023.5808219178082	0.012268846857541729	0.0019780017121219483
H-224	2023.5835616438355	0.013237014557541728	0.002794408701485453
H-347	2023.5917808219178	0.011330989957541728	4.3310196953333553E-4
H-305	2023.5972602739726	0.00850778795754173	-0.0026936214517538637
H-366	2023.5945205479452	0.008418034657541729	-0.002631614041103158
H-6	2023.468493150685	0.00525657665754173	0.0011879206486019329
H-17	2023.504109589041	0.009241424457541727	0.003199879210213809
H-228	2023.5808219178082	0.011813174257541727	0.0015223291121219465
H-339	2023.5917808219178	0.012089291657541728	0.0011914036695333356
H-564	2023.5972602739726	0.010240623857541728	-9.607855517538653E-4
H-62	2023.545205479452	0.009963421257541728	0.0016454653505100676
H-275	2023.5890410958905	0.010598174857541727	-1.4795241981595958E-4
H-165	2023.5753424657535	0.012809914857541727	0.0028225911334091476
H-322	2023.5917808219178	0.009421421857541728	-0.0014764661304666644
H-358	2023.5917808219178	0.011882116157541728	9.842281695333355E-4
H-29	2023.5150684931507	0.008432234157541726	0.001783646067625197
H-132	2023.572602739726	0.010635340257541728	7.997772440598537E-4
H-332	2023.5917808219178	0.008963375657541727	-0.0019345123304666655
H-55	2023.5561643835617	0.00614456455754173	-0.0027804341920643315
H-282	2023.5835616438355	0.008779782657541728	-0.0016628231985145476
H-226	2023.5890410958905	0.009879750957541728	-8.663763198159587E-4
H-304	2023.5945205479452	0.007416601057541729	-0.003633047641103158
H-152	2023.5753424657535	0.012594822557541727	0.002607498833409147
H-268	2023.5808219178082	0.011042329257541728	7.514841121219473E-4
H-129	2023.5616438356165	0.009406639057541726	1.781188866484644E-4
H-233	2023.5917808219178	0.012498538357541725	0.001600650369533333
H-265	2023.5917808219178	0.010131721857541727	-7.661661304666657E-4
H-184	2023.5780821917808	0.009593020857541728	-5.460635772273469E-4
H-66	2023.5479452054794	0.009042278957541727	5.725623398735724E-4
H-352	2023.5945205479452	0.012873278957541727	0.0018236302588968394
H-314	2023.5890410958905	0.011316891057541727	5.707637801840408E-4
H-374	2023.5917808219178	0.010042111757541727	-8.557762304666656E-4
H-297	2023.5890410958905	0.010412647857541727	-3.3347941981595915E-4
H-177	2023.5808219178082	0.010132326957541727	-1.5851818787805325E-4
H-449	2023.5972602739726	0.014887821957541725	0.0036864125482461325
H-217	2023.5835616438355	0.010334927257541728	-1.0767859851454689E-4
H-242	2023.5917808219178	0.011712700557541728	8.148125695333353E-4
H-333	2023.5890410958905	0.010240607057541727	-5.055202198159595E-4
H-180	2023.5808219178082	0.009514199757541726	-7.766453878780537E-4
H-197	2023.5780821917808	0.008509071857541727	-0.0016300125772273476
H-42	2023.5397260273974	0.008506672857541727	4.922383717972673E-4
H-281	2023.5917808219178	0.013081896357541728	0.0021840083695333357
H-116	2023.5643835616438	0.01079806155754173	0.0014177806759977617
H-375	2023.5917808219178	0.007052774357541729	-0.003845113630466663
H-419	2023.5972602739726	0.008327177457541728	-0.0028742319517538646
H-246	2023.5780821917808	0.0070528430575417305	-0.003086241377227344
H-266	2023.5835616438355	0.010054039057541727	-3.885667985145478E-4
H-77	2023.5616438356165	0.007868238357541728	-0.0013602818133515333
H-426	2023.5945205479452	0.009963615757541728	-0.0010860329411031596
H-283	2023.5890410958905	0.00796079085754173	-0.0027853364198159574
H-514	2023.5972602739726	0.015600084357541729	0.004398674948246136
H-23	2023.517808219178	0.00659835355754173	-2.0199524302550505E-4
H-386	2023.5972602739726	0.013000465657541729	0.0017990562482461357
H-191	2023.5835616438355	0.008963456357541727	-0.0014791494985145481
H-107	2023.5616438356165	0.010421425857541727	0.0011929056866484648
H-284	2023.5835616438355	0.008505052357541728	-0.0019375534985145472
H-91	2023.5643835616438	0.007693672957541729	-0.0016866079240022381
H-68	2023.545205479452	0.0074165486575417305	-9.014072494899295E-4
H-256	2023.5890410958905	0.011151047457541727	4.049201801840409E-4
H-82	2023.558904109589	0.00641961615754173	-0.002657143302715037
H-124	2023.5643835616438	0.00687030445754173	-0.0025099764240022375
H-140	2023.5780821917808	0.010454440357541728	3.1535592277265323E-4
H-169	2023.5808219178082	0.00797498565754173	-0.0023158594878780504
H-307	2023.5917808219178	0.007872901357541729	-0.0030249866304666636
H-430	2023.5972602739726	0.018701013157541732	0.007499603748246139
H-75	2023.5479452054794	0.008604490457541728	1.3477383987357296E-4
H-163	2023.572602739726	0.008506984057541727	-0.0013285789559401469
H-328	2023.5890410958905	0.011339436357541727	5.933090801840402E-4
H-219	2023.5808219178082	0.009593418657541727	-6.974264878780532E-4
H-447	2023.5945205479452	0.009775362057541728	-0.0012742866411031596
H-396	2023.5972602739726	0.010061012757541728	-0.0011403966517538645
H-489	2023.5945205479452	0.011713473957541728	6.638252588968413E-4
H-231	2023.5835616438355	0.015644936257541726	0.005202330401485451
H-16	2023.4986301369863	0.005883757957541731	1.4573413150101387E-4
H-94	2023.5561643835617	0.009713424657541728	7.884259079356665E-4
H-501	2023.5945205479452	0.009796738857541728	-0.0012529098411031593
H-41	2023.5397260273974	0.00778109355754173	-2.3334092820272937E-4
H-243	2023.5835616438355	0.011060897957541727	6.182921014854514E-4
H-301	2023.5945205479452	0.016880938457541735	0.005831289758896848
H-11	2023.4986301369863	0.00397555275754173	-0.0017624710684989867
H-117	2023.5616438356165	0.007786069457541731	-0.0014424507133515311
H-125	2023.5643835616438	0.006148268957541731	-0.0032320119240022366
H-100	2023.5616438356165	0.009140836757541728	-8.768341335153342E-5
H-113	2023.5643835616438	0.010413584457541727	0.0010333035759977592
H-343	2023.5945205479452	0.013344583957541727	0.0022949352588968394
H-324	2023.5917808219178	0.014078422157541728	0.0031805341695333358
H-384	2023.5945205479452	0.009229662857541728	-0.001819985841103159
H-81	2023.5506849315068	0.00823185815754173	-3.8961917077713105E-4
H-207	2023.5835616438355	0.010414191957541728	-2.841389851454719E-5
H-148	2023.5780821917808	0.008775856557541727	-0.001363227877227348
H-64	2023.545205479452	0.008683094757541728	3.6513885051006785E-4
H-317	2023.5917808219178	0.012513115757541727	0.001615227769533335
H-46	2023.545205479452	0.010688407857541727	0.0023704519505100673
H-185	2023.5780821917808	0.008502510457541728	-0.0016365739772273465
H-278	2023.5890410958905	0.010247561357541728	-4.985659198159589E-4
H-121	2023.5671232876712	0.008416021257541728	-0.001116020334638734
H-285	2023.5917808219178	0.015116281957541727	0.004218393969533335
H-481	2023.5945205479452	0.010142208357541729	-9.074403411031585E-4
H-211	2023.5835616438355	0.012150439757541728	0.0017078339014854529
H-389	2023.5972602739726	0.010678347257541729	-5.230621517538642E-4
H-118	2023.5616438356165	0.008955349457541728	-2.7317071335153376E-4
H-437	2023.5972602739726	0.017014580957541735	0.005813171548246142
H-420	2023.5945205479452	0.013884801757541726	0.0028351530588968388
H-85	2023.5561643835617	0.011047616657541729	0.002122617907935668
H-320	2023.5972602739726	0.013231764557541726	0.0020303551482461334
H-212	2023.5808219178082	0.013344900357541727	0.0030540552121219467
H-338	2023.5917808219178	0.01123794985754173	3.4006186953333684E-4
H-277	2023.5917808219178	0.009700286257541728	-0.0011976017304666641
H-417	2023.5945205479452	0.00678275385754173	-0.004266894841103157
H-223	2023.5835616438355	0.0074277732575417305	-0.0030148325985145446
H-329	2023.5917808219178	0.009443863157541728	-0.0014540248304666641
H-146	2023.5643835616438	0.008052985457541729	-0.0013272954240022387
H-392	2023.5917808219178	0.009049696057541728	-0.0018481919304666646
H-478	2023.5972602739726	0.008049186257541729	-0.003152223151753864
H-26	2023.5150684931507	0.007326369257541731	6.777811676252016E-4
H-134	2023.5780821917808	0.009791198957541727	-3.478854772273471E-4
H-24	2023.5205479452054	0.006420766457541731	-5.313430536619994E-4
H-155	2023.5753424657535	0.010717930057541727	7.306063334091475E-4
H-145	2023.5753424657535	0.011631893557541729	0.0016445698334091492
H-239	2023.5890410958905	0.010897153457541728	1.5102618018404158E-4
H-157	2023.5753424657535	0.011047898457541727	0.0010605747334091475
H-192	2023.5835616438355	0.011881698457541728	0.001439092601485453
H-215	2023.5780821917808	0.010423965857541729	2.848814227726544E-4
H-238	2023.5890410958905	0.010331866857541727	-4.142604198159594E-4
H-32	2023.5287671232877	0.00794161275754173	5.342211143858824E-4
H-490	2023.5972602739726	0.018302494857541735	0.007101085448246142
